0.000000
0.000000
-0.000000
0.000000
0.000000
-0.000000
0.000000
0.000012
-0.000000
0.000000
0.000000
-0.000000
-0.000000
-0.000000
0.000000
-0.000000
-0.000000
0.000000
0.000000
0.000000
-0.000000
0.000000
0.000000
-0.000000
0.000000
0.000000
-0.000000
0.000000
0.703473
0.008141
-0.000000
-0.000000
0.000000
-0.000000
0.008141
0.702263
0.000000
0.000001
-0.000000
0.000000
0.000000
-0.000000
0.000001
0.000025
-0.000000
0.000000
0.000000
-0.000000
-0.000000
-0.000000
0.696030
0.007934
-0.163575
0.004954
0.000000
0.000000
0.007934
0.698944
-0.005227
-0.178015
0.000000
0.000000
-0.163575
-0.005227
0.741931
0.007833
-0.000000
-0.000000
0.004954
-0.178015
0.007833
0.747672
0.692069
0.007792
0.524050
0.012568
-0.200205
-0.016063
0.007792
0.696923
0.002447
0.516836
-0.005900
-0.203273
0.524050
0.002447
1.092870
0.014891
-0.315156
-0.006203
0.012568
0.516836
0.014891
1.082310
-0.011567
-0.328905
-0.200205
-0.005900
-0.315156
-0.011567
0.799866
0.013543
-0.016063
-0.203273
-0.006203
-0.328904
0.013543
0.807239
2.815540
0.036957
1.081670
0.004559
-0.435495
-0.035930
0.036957
2.802380
-0.000880
1.056440
-0.008997
-0.435537
1.081670
-0.000880
1.239360
0.009972
-0.376944
-0.010209
0.004559
1.056440
0.009972
1.220720
-0.010645
-0.388310
-0.435495
-0.008997
-0.376944
-0.010645
0.825937
0.015730
-0.035930
-0.435537
-0.010209
-0.388310
0.015730
0.832992
6.183010
0.048869
1.479730
-0.032284
-0.612360
-0.044602
0.048869
6.110560
-0.011893
1.436530
-0.004209
-0.607195
1.479730
-0.011893
1.286460
0.004189
-0.397871
-0.010590
-0.032284
1.436530
0.004189
1.264830
-0.008088
-0.407941
-0.612360
-0.004209
-0.397871
-0.008088
0.835235
0.015904
-0.044602
-0.607195
-0.010590
-0.407941
0.015904
0.841918
10.375700
0.005716
1.721080
-0.083816
-0.726179
-0.043983
0.005716
10.202200
-0.022108
1.663960
0.004882
-0.716000
1.721080
-0.022108
1.300370
0.000793
-0.404438
-0.010349
-0.083816
1.663960
0.000793
1.278040
-0.006250
-0.413983
-0.726179
0.004882
-0.404438
-0.006250
0.838340
0.015677
-0.043983
-0.716000
-0.010349
-0.413983
0.015677
0.844812
15.046700
-0.104446
1.852070
-0.137641
-0.794677
-0.039275
-0.104446
14.734800
-0.025776
1.784970
0.014471
-0.780197
1.852070
-0.025776
1.304040
-0.000731
-0.406360
-0.010208
-0.137641
1.784970
-0.000731
1.281830
-0.005250
-0.415731
-0.794677
0.014471
-0.406360
-0.005250
0.839359
0.015495
-0.039275
-0.780197
-0.010208
-0.415731
0.015495
0.845723
19.964000
-0.275800
1.913730
-0.187847
-0.834536
-0.033825
-0.275800
19.479900
-0.021572
1.839570
0.022716
-0.816361
1.913730
-0.021572
1.304820
-0.001290
-0.406850
-0.010188
-0.187847
1.839570
-0.001290
1.282930
-0.004766
-0.416188
-0.834536
0.022716
-0.406850
-0.004766
0.839692
0.015399
-0.033825
-0.816361
-0.010188
-0.416188
0.015399
0.846002
24.983700
-0.496009
1.934070
-0.232818
-0.857251
-0.029071
-0.496009
24.295400
-0.010556
1.854800
0.029169
-0.835787
1.934070
-0.010556
1.304930
-0.001439
-0.406929
-0.010217
-0.232818
1.854800
-0.001439
1.283370
-0.004548
-0.416283
-0.857251
0.029169
-0.406929
-0.004548
0.839801
0.015355
-0.029071
-0.835787
-0.010217
-0.416283
0.015355
0.846083
30.019500
-0.752557
1.930460
-0.272870
-0.869958
-0.025384
-0.752557
29.095800
0.005505
1.847410
0.034008
-0.845466
1.930460
0.005505
1.304990
-0.001442
-0.406906
-0.010251
-0.272870
1.847410
-0.001442
1.283710
-0.004455
-0.416294
-0.869958
0.034008
-0.406906
-0.004455
0.839837
0.015338
-0.025384
-0.845466
-0.010251
-0.416294
0.015338
0.846105
35.020400
-1.035140
1.913270
-0.308911
-0.876898
-0.022688
-1.035140
33.830000
0.024940
1.827380
0.037597
-0.849546
1.913270
0.024940
1.305120
-0.001404
-0.406870
-0.010275
-0.308911
1.827380
-0.001404
1.284070
-0.004420
-0.416295
-0.876897
0.037597
-0.406869
-0.004420
0.839848
0.015331
-0.022688
-0.849546
-0.010275
-0.416295
0.015331
0.846110
39.956000
-1.336030
1.888550
-0.341868
-0.880536
-0.020772
-1.336030
38.467300
0.046430
1.800540
0.040284
-0.850445
1.888550
0.046430
1.305330
-0.001364
-0.406841
-0.010288
-0.341868
1.800540
-0.001364
1.284470
-0.004411
-0.416303
-0.880536
0.040284
-0.406840
-0.004411
0.839852
0.015330
-0.020772
-0.850445
-0.010288
-0.416303
0.015330
0.846110
44.808100
-1.649740
1.859810
-0.372492
-0.882292
-0.019421
-1.649740
42.989600
0.069026
1.770280
0.042348
-0.849560
1.859810
0.069026
1.305590
-0.001331
-0.406821
-0.010292
-0.372492
1.770280
-0.001331
1.284900
-0.004414
-0.416319
-0.882292
0.042348
-0.406821
-0.004414
0.839854
0.015329
-0.019421
-0.849561
-0.010292
-0.416319
0.015329
0.846111
49.565800
-1.972450
1.829080
-0.401332
-0.882980
-0.018462
-1.972450
47.385700
0.092076
1.738560
0.043989
-0.847695
1.829080
0.092076
1.305890
-0.001306
-0.406809
-0.010289
-0.401332
1.738560
-0.001306
1.285330
-0.004422
-0.416339
-0.882980
0.043989
-0.406809
-0.004422
0.839855
0.015330
-0.018462
-0.847695
-0.010289
-0.416339
0.015330
0.846112
54.222500
-2.301490
1.797520
-0.428768
-0.883065
-0.017769
-2.301490
51.649300
0.115152
1.706510
0.045347
-0.845311
1.797520
0.115152
1.306210
-0.001287
-0.406802
-0.010282
-0.428768
1.706510
-0.001287
1.285760
-0.004432
-0.416363
-0.883065
0.045347
-0.406802
-0.004432
0.839855
0.015331
-0.017769
-0.845311
-0.010282
-0.416363
0.015331
0.846114
58.773800
-2.635020
1.765800
-0.455053
-0.882813
-0.017252
-2.635020
55.776500
0.137974
1.674780
0.046512
-0.842674
1.765800
0.137974
1.306530
-0.001272
-0.406798
-0.010272
-0.455053
1.674780
-0.001272
1.286190
-0.004443
-0.416388
-0.882813
0.046512
-0.406798
-0.004443
0.839855
0.015332
-0.017252
-0.842674
-0.010272
-0.416388
0.015332
0.846115
63.217200
-2.971690
1.734310
-0.480353
-0.882376
-0.016852
-2.971690
59.765600
0.160366
1.643740
0.047544
-0.839936
1.734310
0.160366
1.306860
-0.001259
-0.406795
-0.010261
-0.480354
1.643740
-0.001259
1.286610
-0.004455
-0.416413
-0.882376
0.047544
-0.406795
-0.004455
0.839856
0.015333
-0.016852
-0.839936
-0.010261
-0.416413
0.015333
0.846117
67.551000
-3.310510
1.703270
-0.504776
-0.881842
-0.016530
-3.310510
63.615800
0.182219
1.613600
0.048481
-0.837185
1.703270
0.182219
1.307180
-0.001247
-0.406794
-0.010249
-0.504776
1.613600
-0.001247
1.287020
-0.004466
-0.416438
-0.881842
0.048481
-0.406794
-0.004466
0.839856
0.015333
-0.016530
-0.837185
-0.010249
-0.416438
0.015333
0.846119
71.774500
-3.650700
1.672820
-0.528389
-0.881260
-0.016263
-3.650700
67.327500
0.203467
1.584470
0.049348
-0.834471
1.672820
0.203467
1.307490
-0.001235
-0.406794
-0.010237
-0.528389
1.584470
-0.001235
1.287410
-0.004477
-0.416463
-0.881260
0.049348
-0.406794
-0.004477
0.839856
0.015334
-0.016263
-0.834471
-0.010237
-0.416463
0.015334
0.846121
75.887100
-3.991590
1.643030
-0.551238
-0.880658
-0.016033
-3.991590
70.901500
0.224073
1.556420
0.050158
-0.831823
1.643030
0.224072
1.307800
-0.001223
-0.406794
-0.010225
-0.551238
1.556420
-0.001223
1.287790
-0.004488
-0.416487
-0.880658
0.050158
-0.406794
-0.004488
0.839857
0.015335
-0.016033
-0.831823
-0.010225
-0.416487
0.015335
0.846124
79.888900
-4.332650
1.613950
-0.573354
-0.880055
-0.015830
-4.332650
74.339400
0.244016
1.529460
0.050923
-0.829255
1.613950
0.244016
1.308100
-0.001210
-0.406794
-0.010213
-0.573354
1.529460
-0.001210
1.288160
-0.004498
-0.416510
-0.880055
0.050923
-0.406794
-0.004498
0.839857
0.015335
-0.015830
-0.829255
-0.010213
-0.416510
0.015335
0.846125
83.780000
-4.673380
1.585590
-0.594758
-0.879458
-0.015649
-4.673380
77.642900
0.263288
1.503610
0.051648
-0.826777
1.585590
0.263288
1.308400
-0.001196
-0.406794
-0.010202
-0.594758
1.503610
-0.001196
1.288510
-0.004508
-0.416532
-0.879458
0.051648
-0.406794
-0.004508
0.839857
0.015336
-0.015649
-0.826777
-0.010202
-0.416532
0.015336
0.846127
87.561000
-5.013320
1.557970
-0.615468
-0.878872
-0.015485
-5.013320
80.814500
0.281891
1.478850
0.052336
-0.824392
1.557970
0.281891
1.308680
-0.001182
-0.406795
-0.010190
-0.615468
1.478850
-0.001182
1.288850
-0.004517
-0.416553
-0.878872
0.052336
-0.406795
-0.004517
0.839857
0.015336
-0.015485
-0.824392
-0.010190
-0.416553
0.015336
0.846129
91.232600
-5.352050
1.531100
-0.635497
-0.878302
-0.015336
-5.352050
83.856500
0.299827
1.455170
0.052992
-0.822102
1.531100
0.299827
1.308960
-0.001166
-0.406795
-0.010180
-0.635497
1.455170
-0.001166
1.289170
-0.004526
-0.416573
-0.878302
0.052992
-0.406795
-0.004526
0.839858
0.015337
-0.015336
-0.822102
-0.010180
-0.416573
0.015337
0.846131
94.795700
-5.689170
1.504970
-0.654857
-0.877748
-0.015199
-5.689170
86.771800
0.317106
1.432550
0.053616
-0.819906
1.504970
0.317106
1.309220
-0.001150
-0.406796
-0.010169
-0.654857
1.432550
-0.001150
1.289490
-0.004535
-0.416593
-0.877749
0.053616
-0.406796
-0.004535
0.839858
0.015338
-0.015199
-0.819906
-0.010169
-0.416593
0.015338
0.846133
98.251500
-6.024310
1.479590
-0.673563
-0.877212
-0.015074
-6.024310
89.563500
0.333740
1.410970
0.054211
-0.817804
1.479590
0.333740
1.309480
-0.001132
-0.406797
-0.010160
-0.673563
1.410970
-0.001132
1.289780
-0.004543
-0.416611
-0.877212
0.054211
-0.406797
-0.004543
0.839858
0.015338
-0.015074
-0.817803
-0.010160
-0.416611
0.015338
0.846134
101.601000
-6.357110
1.454940
-0.691624
-0.876693
-0.014960
-6.357110
92.234600
0.349740
1.390390
0.054777
-0.815792
1.454940
0.349739
1.309730
-0.001115
-0.406797
-0.010150
-0.691624
1.390390
-0.001115
1.290070
-0.004551
-0.416629
-0.876693
0.054777
-0.406797
-0.004551
0.839858
0.015339
-0.014960
-0.815792
-0.010150
-0.416629
0.015339
0.846136
104.846000
-6.687250
1.431020
-0.709054
-0.876192
-0.014856
-6.687250
94.788600
0.365120
1.370780
0.055315
-0.813870
1.431020
0.365120
1.309980
-0.001096
-0.406798
-0.010141
-0.709054
1.370780
-0.001096
1.290350
-0.004559
-0.416646
-0.876192
0.055315
-0.406798
-0.004559
